0.2730583483133463
0.9797476091653293
0.9622873759238174
0.9641609709664729
0.07008365822613649
0.5140889878578978
0.6978291644774878
0.6198458386666157
0.0014761586124070192
0.8610184859316037
0.9612628844202457
0.3711413377155338
0.8328479446124483
0.44281327602767184
0.7003654178427734
0.3708290408126269
0.5085301725620859
0.48803565014365213
0.37151387105656264
0.8278026841423439
0.41461148297202144
0.2675469219323028
0.5014677488306908
0.6214022878507824
0.514333600044752
0.46383222178254746
0.15465511155474676
0.11607250080067588
0.07833055677116607
0.7055283109794733
0.6410046338152762
0.4519608348997911
0.21651637410849212
0.5429348636768347
0.49761837683690513
0.6346833443810103
0.5298639974879064
0.7744764209817
0.6130107176255051
0.019741615163776927
0.5439476568040348
0.9035409237097948
0.22883113354285034
0.03892200638758869
0.7898216329364949
0.7703223552940972
0.32723820460876607
0.9314939486376673
0.8531399334490428
0.8528127143631631
0.9585096063491887
0.1373736850291497
0.39838253215577346
0.8160783605033276
0.3621501860445431
0.5318560343614153
0.8529165081317372
0.39011520634669483
0.2172990244820544
0.10320255285457902
0.8940626049086222
0.7984318409055702
0.6857538260912808
0.7537911522750186
0.31391522884662815
0.8536006683004403
0.3847317813048118
0.8354336247851721
0.42858457882607115
0.08489972930765233
0.7258039288281578
0.47204202845137255
0.3140320478554882
0.6699815378809112
0.46140304511316077
0.41665966605005345
0.9024045617877756
0.8109569326128642
0.5240732762951301
0.9886212502326873
0.4737134600667364
0.8047513722950872
0.819087521573864
0.6334656547196503
0.975001342580182
0.2606811470147812
0.14992675538456557
0.686476896587047
0.0973451166537529
0.6663167889783966
0.1506571022788662
0.6427798204721449
0.07251390961840876
0.12973891723093944
0.918271008018689
0.42742280225782037
0.9368021787948773
0.7267024410727614
0.5262093568939432
0.2525856693557138
